[
[[[604.0, 61.0], [715.0, 61.0], [715.0, 87.0], [604.0, 87.0]], ('乐购超市', 0.99869573)],
[[[69.0, 102.0], [353.0, 102.0], [353.0, 132.0], [69.0, 132.0]], ('日期：2023年3月31日', 0.99996334)],
 [[[66.0, 147.0], [238.0, 150.0], [238.0, 177.0], [65.0, 174.0]], ('时间：21:22', 0.98255277)],
 [[[68.0, 195.0], [289.0, 195.0], [289.0, 220.0], [68.0, 220.0]], ('销售员工号：009', 0.9919408)],
 [[[63.0, 282.0], [121.0, 282.0], [121.0, 315.0], [63.0, 315.0]], ('条目', 0.99834466)],
 [[[417.0, 282.0], [476.0, 282.0], [476.0, 315.0], [417.0, 315.0]], ('价格', 0.99978495)],
 [[[171.0, 284.0], [228.0, 284.0], [228.0, 312.0], [171.0, 312.0]], ('货物', 0.99591637)],
 [[[275.0, 284.0], [334.0, 281.0], [335.0, 310.0], [276.0, 313.0]], ('数量', 0.9998238)],
 [[[557.0, 282.0], [617.0, 282.0], [617.0, 315.0], [557.0, 315.0]], ('总计', 0.9996678)],
 [[[180.0, 326.0], [239.0, 329.0], [238.0, 362.0], [179.0, 358.0]], ('面包', 0.99983406)],
  [[[285.0, 328.0], [353.0, 325.0], [354.0, 357.0], [286.0, 360.0]], ('2条', 0.9976279)],
   [[[432.0, 331.0], [513.0, 328.0], [514.0, 359.0], [434.0, 361.0]], ('￥3/条', 0.99649394)],
   [[[62.0, 335.0], [81.0, 332.0], [84.0, 359.0], [66.0, 362.0]], ('1', 0.9984059)],
   [[[579.0, 334.0], [615.0, 334.0], [615.0, 361.0], [579.0, 361.0]], ('￥6', 0.9783808)],
   [[[181.0, 374.0], [240.0, 374.0], [240.0, 403.0], [181.0, 403.0]], ('奶油', 0.9992336)],
   [[[65.0, 379.0], [81.0, 379.0], [81.0, 408.0], [65.0, 408.0]], ('2', 0.99839586)],
   [[[283.0, 374.0], [352.0, 369.0], [355.0, 402.0], [286.0, 407.0]], ('1罐', 0.99484146)],
   [[[435.0, 379.0], [470.0, 379.0], [470.0, 406.0], [435.0, 406.0]], ('8天', 0.9365192)],
   [[[586.0, 379.0], [621.0, 379.0], [621.0, 406.0], [586.0, 406.0]], ('8天', 0.94163156)],
   [[[181.0, 420.0], [239.0, 420.0], [239.0, 449.0], [181.0, 449.0]], ('果酱', 0.9986172)],
   [[[286.0, 417.0], [354.0, 417.0], [354.0, 449.0], [286.0, 449.0]], ('1瓶', 0.9985895)],
   [[[433.0, 422.0], [529.0, 419.0], [530.0, 446.0], [433.0, 449.0]], ('￥10/瓶', 0.9893098)],
    [[[65.0, 424.0], [81.0, 424.0], [81.0, 452.0], [65.0, 452.0]], ('3', 0.9989525)],
    [[[578.0, 423.0], [631.0, 423.0], [631.0, 451.0], [578.0, 451.0]], ('￥10', 0.9607164)],
    [[[181.0, 465.0], [241.0, 465.0], [241.0, 493.0], [181.0, 493.0]], ('咖啡', 0.99810374)],
     [[[284.0, 462.0], [353.0, 462.0], [353.0, 494.0], [284.0, 494.0]], ('1罐', 0.98914814)], [[[431.0, 465.0], [530.0, 462.0], [531.0, 492.0], [432.0, 495.0]], ('￥20/罐', 0.99067384)], [[[64.0, 469.0], [81.0, 469.0], [81.0, 496.0], [64.0, 496.0]], ('4', 0.9994469)], [[[578.0, 468.0], [631.0, 468.0], [631.0, 496.0], [578.0, 496.0]], ('￥20', 0.9614404)], [[[183.0, 508.0], [239.0, 508.0], [239.0, 538.0], [183.0, 538.0]], ('牛奶', 0.99918866)], [[[285.0, 508.0], [354.0, 508.0], [354.0, 540.0], [285.0, 540.0]], ('2升', 0.9990116)], [[[431.0, 510.0], [514.0, 507.0], [515.0, 539.0], [432.0, 541.0]], ('￥6/升', 0.95815825)], [[[66.0, 515.0], [79.0, 515.0], [79.0, 542.0], [66.0, 542.0]], ('5', 0.9990017)], [[[578.0, 513.0], [630.0, 513.0], [630.0, 542.0], [578.0, 542.0]], ('￥12', 0.94302875)], [[[183.0, 555.0], [239.0, 555.0], [239.0, 583.0], [183.0, 583.0]], ('酸奶', 0.9989724)], [[[285.0, 554.0], [354.0, 554.0], [354.0, 585.0], [285.0, 585.0]], ('2盒', 0.99889266)], [[[65.0, 559.0], [82.0, 559.0], [82.0, 586.0], [65.0, 586.0]], ('6', 0.99685293)], [[[434.0, 557.0], [513.0, 554.0], [514.0, 582.0], [435.0, 585.0]], ('￥4/盒', 0.99423695)], [[[579.0, 559.0], [615.0, 559.0], [615.0, 586.0], [579.0, 586.0]], ('8天', 0.9357644)], [[[183.0, 600.0], [241.0, 600.0], [241.0, 628.0], [183.0, 628.0]], ('蛋糕', 0.99829936)], [[[287.0, 600.0], [354.0, 600.0], [354.0, 628.0], [287.0, 628.0]], ('1块', 0.99657404)], [[[64.0, 604.0], [82.0, 604.0], [82.0, 631.0], [64.0, 631.0]], ('7', 0.9974782)], [[[434.0, 603.0], [530.0, 599.0], [531.0, 626.0], [435.0, 630.0]], ('￥12/块', 0.99548835)], [[[578.0, 604.0], [631.0, 604.0], [631.0, 632.0], [578.0, 632.0]], ('￥12', 0.97125226)], [[[184.0, 647.0], [267.0, 647.0], [267.0, 670.0], [184.0, 670.0]], ('巧克力', 0.9993315)], [[[273.0, 644.0], [364.0, 644.0], [364.0, 674.0], [273.0, 674.0]], ('2块', 0.9837718)], [[[65.0, 649.0], [82.0, 649.0], [82.0, 676.0], [65.0, 676.0]], ('8', 0.9998877)], [[[444.0, 648.0], [540.0, 644.0], [541.0, 671.0], [445.0, 675.0]], ('￥15/块', 0.9853867)], [[[591.0, 650.0], [641.0, 650.0], [641.0, 675.0], [591.0, 675.0]], ('￥30', 0.97978073)], [[[183.0, 690.0], [239.0, 690.0], [239.0, 719.0], [183.0, 719.0]], ('饼干', 0.9988727)], [[[286.0, 690.0], [351.0, 687.0], [352.0, 716.0], [287.0, 719.0]], ('2包', 0.9990169)], [[[434.0, 692.0], [513.0, 689.0], [514.0, 717.0], [435.0, 720.0]], ('￥5/包', 0.99607134)], [[[66.0, 695.0], [80.0, 695.0], [80.0, 720.0], [66.0, 720.0]], ('9', 0.99930716)], [[[578.0, 694.0], [630.0, 690.0], [632.0, 719.0], [579.0, 723.0]], ('￥10', 0.86713094)], [[[183.0, 735.0], [240.0, 735.0], [240.0, 764.0], [183.0, 764.0]], ('果汁', 0.9985347)], [[[287.0, 735.0], [353.0, 735.0], [353.0, 763.0], [287.0, 763.0]], ('1瓶', 0.9977299)], [[[65.0, 738.0], [98.0, 738.0], [98.0, 765.0], [65.0, 765.0]], ('10', 0.9941744)], [[[434.0, 736.0], [531.0, 733.0], [532.0, 764.0], [435.0, 766.0]], ('￥10/瓶', 0.98819417)], [[[579.0, 739.0], [630.0, 739.0], [630.0, 764.0], [579.0, 764.0]], ('￥10', 0.83841467)], [[[65.0, 780.0], [136.0, 780.0], [136.0, 808.0], [65.0, 808.0]], ('总计：', 0.99050575)], [[[472.0, 784.0], [541.0, 784.0], [541.0, 811.0], [472.0, 811.0]], ('￥126', 0.98565614)], [[[63.0, 826.0], [294.0, 823.0], [294.0, 850.0], [63.0, 853.0]], ('付款方式：支付宝', 0.9997124)], [[[68.0, 915.0], [332.0, 915.0], [332.0, 940.0], [68.0, 940.0]], ('感谢您惠顾我们的店！', 0.95689994)]]